[balances]
bitcoin: 0.12345678
ripple: 0.12345678
ethereum: 0.12345678
litecoin: 0.12345678
raiblocks: 0.12345678

[general]
invested: -100
fiat_currency: USD
